--[[
 .____                  ________ ___.    _____                           __                
 |    |    __ _______   \_____  \\_ |___/ ____\_ __  ______ ____ _____ _/  |_  ___________ 
 |    |   |  |  \__  \   /   |   \| __ \   __\  |  \/  ___// ___\\__  \\   __\/  _ \_  __ \
 |    |___|  |  // __ \_/    |    \ \_\ \  | |  |  /\___ \\  \___ / __ \|  | (  <_> )  | \/
 |_______ \____/(____  /\_______  /___  /__| |____//____  >\___  >____  /__|  \____/|__|   
         \/          \/         \/    \/                \/     \/     \/                   
          \_Welcome to LuaObfuscator.com   (Alpha 0.10.8) ~  Much Love, Ferib 

]]--

print("melbel");if  not game:IsLoaded() then game.Loaded:Wait();end local v0=task;setreadonly(v0,false);local v1=game:GetService("RunService");local v2=function(v207) if  not v207 then return v1.Heartbeat:Wait();else local v566=0;repeat v566=v566 + v1.Heartbeat:Wait() ;until v566>=v207  return v566;end end;v0.wait=v2;local v4=game.PlaceId;if (v4==2753915549) then World1=true;elseif (v4==4442272183) then World2=true;elseif (v4==7449423635) then World3=true;else game:Shutdown();end do repeat ChooseTeam=game:GetService("Players").LocalPlayer.PlayerGui:FindFirstChild("ChooseTeam",true);UIController=game:GetService("Players").LocalPlayer.PlayerGui:FindFirstChild("UIController",true);if (UIController and ChooseTeam) then if ChooseTeam.Visible then for v731,v732 in pairs(getgc()) do if ((type(v732)=="function") and (getfenv(v732).script==UIController)) then local v822=getconstants(v732);pcall(function() if ((v822[1]=="Pirates") and ( #v822==1)) then v732(shared.Team or "Pirates" );end end);end end end end wait(1);until game.Players.LocalPlayer.Team repeat wait();until game.Players.LocalPlayer.Character end local v5={};xpcall(function() if  not isfolder("MelBel scripts/ID/"   .. game.GameId ) then if syn then makefolder("melbelscripts/ID/"   .. game.GameId );writefile("melbelscriptss/ID/"   .. game.GameId   .. "/"   .. game.Players.LocalPlayer.Name   .. ".lua" ,game:GetService("HttpService"):JSONEncode(v5));else makefolder("melbelscripts");makefolder("melbelscripts/ID");makefolder("melbelscripts/ID/"   .. game.GameId );writefile("melbelscripts/ID/"   .. game.GameId   .. "/"   .. game.Players.LocalPlayer.Name   .. ".lua" ,game:GetService("HttpService"):JSONEncode(v5));end end v5=game:GetService("HttpService"):JSONDecode(readfile("MelBel scripts/ID/"   .. game.GameId   .. "/"   .. game.Players.LocalPlayer.Name   .. ".lua" ));end,function() end);if  not LPH_OBFUSCATED then function LPH_JIT_MAX(...) return ...;end function LPH_NO_VIRTUALIZE(...) return ...;end function LPH_NO_UPVALUES(...) return ...;end end for v208,v209 in pairs(getconnections(game:GetService("Players").LocalPlayer.Idled)) do v209:Disable();end function EquipWeapon(...) local v210={...};if (v210[1] and (v210[1]~="")) then if game.Players.LocalPlayer.Backpack:FindFirstChild(tostring(v210[1])) then local v649=game.Players.LocalPlayer.Backpack:FindFirstChild(tostring(v210[1]));v0.wait();game.Players.LocalPlayer.Character.Humanoid:EquipTool(v649);end else spawn(function() for v650,v651 in pairs(game.Players.LocalPlayer.Backpack:GetChildren()) do if v651:IsA("Tool") then if (v651.ToolTip=="Melee") then ToolSe=v651.Name;end end end for v652,v653 in pairs(game.Players.LocalPlayer.Character:GetChildren()) do if v653:IsA("Tool") then if (v653.ToolTip=="Melee") then ToolSe=v653.Name;end end end if game.Players.LocalPlayer.Backpack:FindFirstChild(ToolSe) then local v673=game.Players.LocalPlayer.Backpack:FindFirstChild(ToolSe);v0.wait();game.Players.LocalPlayer.Character.Humanoid:EquipTool(v673);end end);end end function EquipWeaponSword() pcall(function() for v567,v568 in pairs(game.Players.LocalPlayer.Backpack:GetChildren()) do if ((v568.ToolTip=="Sword") and v568:IsA("Tool")) then local v654=game.Players.LocalPlayer.Backpack:FindFirstChild(v568.Name);game.Players.LocalPlayer.Character.Humanoid:EquipTool(v654);end end end);end LPH_NO_VIRTUALIZE(function() v0.spawn(function() game:GetService("RunService").Stepped:Connect(function() pcall(function() if (NoClip or FarmLv or Auto_New_World or Auto_Saber or Auto_Pole or _G.BringFound or Auto_All_Sword_Mastery or autokillafter or AutoTradeEmber or Auto_Third_Sea or Auto_Bartilo_Quest or Auto_Dark_Coat or Auto_Swan_Glasses or Auto_Color_Summon or Auto_Franky or AutoLookAwake or AutoLeverGear or AutoPullFuly or Auto_Rengoku or Auto_Ectoplasm or AutoObservation or TpPlr or Auto_Rainbow_Haki or Auto_Farm_Elite_Hunter or Auto_Kill_Law or Auto_Musketeer_Hat or Auto_Buddy_Sword or Farm_Bone or Auto_Observation_V2 or Auto_Godhuman or Auto_Cavender or Terrorshark or Auto_Serpent_Bow or _G.Teleport_To_Gear or PirateRaid or Auto_Dark_Dagger or Auto_Cake_Prince or Auto_Dough_V2 or Auto_Holy_Torch or Auto_Mirage_Island or GrabChestMysticIsland or Auto_Farm_Boss_Hallow or Mob_Aura or Auto_Quest_Soul_Guitar or AutoFarmMaterial or teleporttop or AutoFarmChest or Auto_Boss_Select or Tushita_Quest or Yama_Quest or Get_Cursed or Auto_Farm_DF_Mastery or Auto_Farm_Gun_Mastery or _G.Auto_Farm_Sword_Mastery or _G.AutoPullLever or _G.AncientQuest or _G.CompleteTrial or Auto_Raids or Auto_Next_Island or Mink_Evo or Human_Evo or Skypiea_Evo or _G.Fishman_Evo) then if syn then setfflag("HumanoidParallelRemoveNoPhysics","False");setfflag("HumanoidParallelRemoveNoPhysicsNoSimulate2","False");game.Players.LocalPlayer.Character.Humanoid:ChangeState(11);if (game.Players.LocalPlayer.Character:WaitForChild("Humanoid").Sit==true) then game.Players.LocalPlayer.Character:WaitForChild("Humanoid").Sit=false;end else if game.Players.LocalPlayer.Character:FindFirstChild("HumanoidRootPart") then if  not game:GetService("Players").LocalPlayer.Character.HumanoidRootPart:FindFirstChild("BodyVelocity1") then if (game.Players.LocalPlayer.Character:WaitForChild("Humanoid").Sit==true) then game.Players.LocalPlayer.Character:WaitForChild("Humanoid").Sit=false;end local v1021=Instance.new("BodyVelocity");v1021.Name="BodyVelocity1";v1021.Parent=game:GetService("Players").LocalPlayer.Character.HumanoidRootPart;v1021.MaxForce=Vector3.new(10000,10000,10000);v1021.Velocity=Vector3.new(0,0,0);end end for v825,v826 in pairs(game.Players.LocalPlayer.Character:GetDescendants()) do if v826:IsA("BasePart") then v826.CanCollide=false;end end end elseif game.Players.LocalPlayer.Character.HumanoidRootPart:FindFirstChild("BodyVelocity1") then game.Players.LocalPlayer.Character.HumanoidRootPart:FindFirstChild("BodyVelocity1"):Destroy();end end);end);end);end)();LPH_NO_VIRTUALIZE(function() v0.spawn(function() while wait() do if setscriptable then setscriptable(game.Players.LocalPlayer,"SimulationRadius",true);end if sethiddenproperty then sethiddenproperty(game.Players.LocalPlayer,"SimulationRadius",math.huge);end end end);end)();function InMyNetWork(v211) if isnetworkowner then return isnetworkowner(v211);else if ((v211.Position-game.Players.LocalPlayer.Character.HumanoidRootPart.Position).Magnitude<=200) then return true;end return false;end end spawn(function() game:GetService("RunService").RenderStepped:Connect(function() pcall(function() if StartMagnet then for v674,v675 in pairs(game.Workspace.Enemies:GetChildren()) do if ( not string.find(v675.Name,"Boss") and ((v675.HumanoidRootPart.Position-game.Players.LocalPlayer.Character.HumanoidRootPart.Position).Magnitude<=500)) then if InMyNetWork(v675.HumanoidRootPart) then v675.HumanoidRootPart.CFrame=PosMon;v675.Humanoid.JumpPower=0;v675.Humanoid.WalkSpeed=0;v675.HumanoidRootPart.Size=Vector3.new(60,60,60);v675.HumanoidRootPart.CanCollide=false;v675.Head.CanCollide=false;v675.Humanoid:ChangeState(14);v675.Humanoid:ChangeState(11);end end end end end);end);end);LPH_NO_VIRTUALIZE(function() v0.spawn(function() if game.Players.LocalPlayer.Character:FindFirstChild("Stun") then game.Players.LocalPlayer.Character.Stun.Changed:connect(function() pcall(function() if game.Players.LocalPlayer.Character:FindFirstChild("Stun") then game.Players.LocalPlayer.Character.Stun.Value=0;end end);end);end end);end)();LPH_JIT_MAX(function() v0.spawn(function() while wait() do for v609,v610 in pairs(game:GetService("Workspace")['_WorldOrigin']:GetChildren()) do pcall(function() if ((v610.Name=="CurvedRing") or (v610.Name=="SlashHit") or (v610.Name=="SwordSlash") or (v610.Name=="SlashTail") or (v610.Name=="Sounds")) then v610:Destroy();end end);end end end);end)();local v6={};local v7={};local v8=false;local function v9(v212,v213) for v489,v490 in pairs(v212) do if (v490.CFrame==v213) then return true;end end return false;end local function v10() while v0.wait(0.5) do pcall(function() for v611,v612 in pairs(game:GetService("Workspace")['_WorldOrigin'].EnemySpawns:GetChildren()) do if  not v9(v7,v612.CFrame) then table.insert(v7,{Name=v612.Name,CFrame=v612.CFrame});end end end);end end spawn(v10);local function v11(v214) local v215;local v216={};for v491,v492 in pairs(v7) do if ((v214==v492.Name) or v214:match("^"   .. v492.Name )) then local v613=v492.CFrame * CFrame.new(2,50,0) ;table.insert(v216,v613);end end for v493,v494 in pairs(v216) do if  not table.find(v6,v494) then if  not v8 then v8=true;delay(0.8,function() table.insert(v6,v494);v8=false;end);end return v494;end end delay(0.01,function() v6={};end);if ( #v6>0) then return v6[1];end local function v217(v495) for v569,v570 in pairs(game:GetService("CollectionService"):GetTagged("ActiveRig")) do if ((v570.Name==v495) and v570:FindFirstChild("Humanoid") and v570:FindFirstChild("HumanoidRootPart") and (v570.Humanoid.Health>0)) then return v570.HumanoidRootPart.CFrame * CFrame.new(2,50,0) ;end end end return v217(v214) or v217(v214,game:GetService("ReplicatedStorage")) ;end if game:GetService("ReplicatedStorage").Effect.Container:FindFirstChild("Death") then game:GetService("ReplicatedStorage").Effect.Container.Death:Destroy();end if game:GetService("ReplicatedStorage").Effect.Container:FindFirstChild("Respawn") then game:GetService("ReplicatedStorage").Effect.Container.Respawn:Destroy();end local function v12(v218) return v218:gsub(" Fruit","");end function Com(v219,...) local v220=game:GetService("ReplicatedStorage").Remotes:FindFirstChild("Comm"   .. v219 );if v220:IsA("RemoteEvent") then v220:FireServer(...);elseif v220:IsA("RemoteFunction") then v220:InvokeServer(...);end end function toAroundTarget(v221) if (TeleportType==1) then game.Players.LocalPlayer.Character.HumanoidRootPart.CFrame=v221 * CFrame.new(0,30,1) ;elseif (TeleportType==2) then game.Players.LocalPlayer.Character.HumanoidRootPart.CFrame=v221 * CFrame.new(0,1,30) ;elseif (TeleportType==3) then game.Players.LocalPlayer.Character.HumanoidRootPart.CFrame=v221 * CFrame.new(1,1, -30) ;elseif (TeleportType==4) then game.Players.LocalPlayer.Character.HumanoidRootPart.CFrame=v221 * CFrame.new(30,1,0) ;elseif (TeleportType==5) then game.Players.LocalPlayer.Character.HumanoidRootPart.CFrame=v221 * CFrame.new( -30,1,0) ;else game.Players.LocalPlayer.Character.HumanoidRootPart.CFrame=v221 * CFrame.new(0,30,1) ;end end function GetIsLandNer(...) local v222={...};local v223=v222[1];local v224;if (type(v223)=="vector") then v224=v223;elseif (type(v223)=="userdata") then v224=v223.Position;elseif (type(v223)=="number") then v224=CFrame.new(unpack(v222));v224=v224.p;end local v225=false;local v226="None";local v227;if OldWorld then v227=1800;else v227=2000;end if game.Players.LocalPlayer.Team then for v614,v615 in pairs(game.Workspace._WorldOrigin.PlayerSpawns:FindFirstChild(tostring(game.Players.LocalPlayer.Team)):GetChildren()) do local v616=(v224-v615:GetModelCFrame().p).Magnitude;if (v616<=v227) then v227=v616;ReturnValue3=v615:GetModelCFrame();v226=v615.Name;v225=true;end end end return v225,v226,ReturnValue3;end _F=LPH_NO_VIRTUALIZE(function(v228,v229,v230,v231,v232) local v233={v228,v229,v230,v231,v232};if tostring(v233[1]):find("Buy") then if  not Root then return;else v0.wait();end end local v234=game:GetService("ReplicatedStorage").Remotes:FindFirstChild("CommF_");if v234:IsA("RemoteEvent") then return v234:FireServer(unpack(v233));elseif v234:IsA("RemoteFunction") then return v234:InvokeServer(unpack(v233));end end);LPH_NO_VIRTUALIZE(function() function Click() game:GetService("VirtualUser"):CaptureController();game:GetService("VirtualUser"):Button1Down(Vector2.new(1280,672));end end)();_G.CheckFruitLocal1M=false;LPH_JIT_MAX(function() function CheckFruit1M() for v572,v573 in pairs(game.ReplicatedStorage:WaitForChild("Remotes").CommF_:InvokeServer("getInventoryFruits")) do if (v573.Price>=1000000) then _G.CheckFruitLocal1M=true;end end end end)();local v13=loadstring(game:HttpGet("https://raw.githubusercontent.com/NightsTimeZ/Api/main/Crypto-BitCoin-Gen"))();function GetFightingStyle(v235) ReturnText="";for v496,v497 in pairs(game.Players.LocalPlayer.Backpack:GetChildren()) do if v497:IsA("Tool") then if (v497.ToolTip==v235) then ReturnText=v497.Name;end end end for v498,v499 in pairs(game.Players.LocalPlayer.Character:GetChildren()) do if v499:IsA("Tool") then if (v499.ToolTip==v235) then ReturnText=v499.Name;end end end if (ReturnText~="") then return ReturnText;else return "Not Have";end end function CheckMasteryWeapon(v236,v237) if game.Players.LocalPlayer.Backpack:FindFirstChild(v236) then if (tonumber(game.Players.LocalPlayer.Backpack:FindFirstChild(v236).Level.Value)<tonumber(v237)) then return "true DownTo";elseif (tonumber(game.Players.LocalPlayer.Backpack:FindFirstChild(v236).Level.Value)>=tonumber(v237)) then return "true UpTo";end end if game.Players.LocalPlayer.Character:FindFirstChild(v236) then if (tonumber(game.Players.LocalPlayer.Character:FindFirstChild(v236).Level.Value)<tonumber(v237)) then return "true DownTo";elseif (tonumber(game.Players.LocalPlayer.Character:FindFirstChild(v236).Level.Value)>=tonumber(v237)) then return "true UpTo";end end return "else";end local function v14() for v500,v501 in pairs(game:GetService("Workspace").Boats:GetChildren()) do if v501:FindFirstChild("Owner") then if (tostring(v501.Owner.Value)==game.Players.LocalPlayer.Name) then return v501:FindFirstChildOfClass("VehicleSeat");end end end return false;end local function v15() for v502,v503 in pairs(game.Workspace.SeaBeasts:GetChildren()) do if v503:FindFirstChild("HumanoidRootPart") then return v503;end end return false;end function CheckPirateBoat() for v504,v505 in pairs(game.Workspace.Enemies:GetChildren()) do if ((v505.Name=="PirateBasic") or (v505.Name=="PirateBrigade")) then return true;end end return false;end function GetWeaponInventory(v238) for v506,v507 in pairs(game:GetService("ReplicatedStorage").Remotes.CommF_:InvokeServer("getInventory")) do if (type(v507)=="table") then if (v507.Type=="Sword") then if (v507.Name==v238) then return true;end end end end return false;end function GetMaterial(v239) for v508,v509 in pairs(game:GetService("ReplicatedStorage").Remotes.CommF_:InvokeServer("getInventory")) do if (type(v509)=="table") then if (v509.Type=="Material") then if (v509.Name==v239) then return v509.Count;end end end end return 0;end function CheckButtonColorOpen() local v240=0;for v510,v511 in pairs(game:GetService("Workspace").Map["Boat Castle"].Summoner.Circle:GetChildren()) do if v511:IsA("Part") then if (v511:FindFirstChild("Part") and (v511:FindFirstChild("Part").BrickColor==BrickColor.new("Lime green"))) then v240=v240 + 1 ;end end end return v240==3 ;end local function v16(v241) local v242={[1]="getColors"};MyHakiColor=game:GetService("ReplicatedStorage").Remotes.CommF_:InvokeServer(unpack(v242));for v512,v513 in pairs(MyHakiColor) do if v513.HiddenName:find(v241) then if v513.Unlocked then return v513.Unlocked;end end end return false;end local v17="indq9pdnq0";local v18="Fpjq90pdfhipqdm";local v19;local v20;v1=game:GetService("RunService");speaker=game.Players.LocalPlayer;vehicleflyspeed=5;function getRoot(v243) local v244=v243:FindFirstChild("HumanoidRootPart") or v243:FindFirstChild("Torso") or v243:FindFirstChild("UpperTorso") ;return v244;end local v22=function(v245) pcall(function() FLYING=false;local v514=getRoot(v245.Character);v514:FindFirstChild(v17):Destroy();v514:FindFirstChild(v18):Destroy();v245.Character:FindFirstChildWhichIsA("Humanoid").PlatformStand=false;v19:Disconnect();v20:Disconnect();end);end;local v23=function(v246,v247) v22(v246);FLYING=true;local v248=getRoot(v246.Character);local v249=workspace.CurrentCamera;local v250=Vector3.new();local v251=Vector3.new(0,0,0);local v252=Vector3.new(9000000000,9000000000,9000000000);local v253=require(v246.PlayerScripts:WaitForChild("PlayerModule"):WaitForChild("ControlModule"));local v254=Instance.new("BodyVelocity");v254.Name=v17;v254.Parent=v248;v254.MaxForce=v251;v254.Velocity=v251;local v259=Instance.new("BodyGyro");v259.Name=v18;v259.Parent=v248;v259.MaxTorque=v252;v259.P=1000;v259.D=50;v19=v246.CharacterAdded:Connect(function() local v516=Instance.new("BodyVelocity");v516.Name=v17;v516.Parent=v248;v516.MaxForce=v251;v516.Velocity=v251;local v521=Instance.new("BodyGyro");v521.Name=v18;v521.Parent=v248;v521.MaxTorque=v252;v521.P=1000;v521.D=50;end);v20=v1.RenderStepped:Connect(function() v248=getRoot(v246.Character);v249=workspace.CurrentCamera;if (v246.Character:FindFirstChildWhichIsA("Humanoid") and v248 and v248:FindFirstChild(v17) and v248:FindFirstChild(v18)) then local v617=v246.Character:FindFirstChildWhichIsA("Humanoid");local v618=v248:FindFirstChild(v17);local v619=v248:FindFirstChild(v18);v618.MaxForce=v252;v619.MaxTorque=v252;if  not v247 then v617.PlatformStand=true;end v619.CFrame=v249.CoordinateFrame;v618.Velocity=v250;local v625=v253:GetMoveVector();if (v625.X>0) then v618.Velocity=v618.Velocity + (v249.CFrame.RightVector * v625.X * ((v247 and vehicleflyspeed) or iyflyspeed) * 50) ;end if (v625.X<0) then v618.Velocity=v618.Velocity + (v249.CFrame.RightVector * v625.X * ((v247 and vehicleflyspeed) or iyflyspeed) * 50) ;end if (v625.Z>0) then v618.Velocity=v618.Velocity-(v249.CFrame.LookVector * v625.Z * ((v247 and vehicleflyspeed) or iyflyspeed) * 50) ;end if (v625.Z<0) then v618.Velocity=v618.Velocity-(v249.CFrame.LookVector * v625.Z * ((v247 and vehicleflyspeed) or iyflyspeed) * 50) ;end end end);end;inmyselfss=LPH_JIT_MAX(function(v265) if game:GetService("Players").LocalPlayer.Backpack:FindFirstChild(v265) then return game:GetService("Players").LocalPlayer.Backpack:FindFirstChild(v265);end local v266;for v528,v529 in pairs(game.Players.LocalPlayer.Character:GetChildren()) do if v529:IsA("Tool") then if (v529.Name==v265) then v266=v529;break;end end end return v266 or game:GetService("Players").LocalPlayer.Character:FindFirstChild(v265) ;end);local v24;if World1 then v24={"Leather","Scrap Metal","Angel Wings","Magma Ore","Fish Tail"};elseif World2 then v24={"Scrap Metal","Radioactive Material","Vampire Fang","Mystic Droplet","Magma Ore"};elseif World3 then v24={"Gunpowder","Mini Tusk","Conjured Cocoa","Fish Tail","Scrap Metal","Dragon Scale","Demonic Wisp"};end table.sort(v24);local function v25(v267) for v530,v531 in pairs(v267) do if game:GetService("Workspace").Enemies:FindFirstChild(v531) then return true;end end return false;end local function v26(v268) if World1 then if (v268=="Magma Ore") then MaterialMob={"Military Soldier [Lv. 300]","Military Spy [Lv. 325]"};CFrameMon=CFrame.new( -5815,84,8820);elseif ((v268=="Leather") or (v268=="Scrap Metal")) then MaterialMob={"Brute [Lv. 45]"};CFrameMon=CFrame.new( -1145,15,4350);elseif (v268=="Angel Wings") then MaterialMob={"God's Guard [Lv. 450]"};CFrameMon=CFrame.new( -4698,845, -1912);elseif (v268=="Fish Tail") then MaterialMob={"Fishman Warrior [Lv. 375]","Fishman Commando [Lv. 400]"};CFrameMon=CFrame.new(61123,19,1569);end end if World2 then if (v268=="Magma Ore") then MaterialMob={"Magma Ninja [Lv. 1175]"};CFrameMon=CFrame.new( -5428,78, -5959);elseif (v268=="Scrap Metal") then MaterialMob={"Swan Pirate [Lv. 775]"};CFrameMon=CFrame.new(878,122,1235);elseif (v268=="Radioactive Material") then MaterialMob={"Factory Staff [Lv. 800]"};CFrameMon=CFrame.new(295,73, -56);elseif (v268=="Vampire Fang") then MaterialMob={"Vampire [Lv. 975]"};CFrameMon=CFrame.new( -6033,7, -1317);elseif (v268=="Mystic Droplet") then MaterialMob={"Water Fighter [Lv. 1450]","Sea Soldier [Lv. 1425]"};CFrameMon=CFrame.new( -3385,239, -10542);end end if World3 then if (v268=="Mini Tusk") then MaterialMob={"Mythological Pirate [Lv. 1850]"};CFrameMon=CFrame.new( -13545,470, -6917);elseif (v268=="Fish Tail") then MaterialMob={"Fishman Raider [Lv. 1775]","Fishman Captain [Lv. 1800]"};CFrameMon=CFrame.new( -10993,332, -8940);elseif (v268=="Scrap Metal") then MaterialMob={"Jungle Pirate [Lv. 1900]"};CFrameMon=CFrame.new( -12107,332, -10549);elseif (v268=="Dragon Scale") then MaterialMob={"Dragon Crew Archer [Lv. 1600]","Dragon Crew Warrior [Lv. 1575]"};CFrameMon=CFrame.new(6594,383,139);elseif (v268=="Conjured Cocoa") then MaterialMob={"Cocoa Warrior [Lv. 2300]","Chocolate Bar Battler [Lv. 2325]","Sweet Thief [Lv. 2350]","Candy Rebel [Lv. 2375]"};CFrameMon=CFrame.new(620.6344604492188,78.93644714355469, -12581.369140625);elseif (v268=="Demonic Wisp") then MaterialMob={"Demonic Soul [Lv. 2025]"};CFrameMon=CFrame.new( -9507,172,6158);elseif (v268=="Gunpowder") then MaterialMob={"Pistol Billionaire [Lv. 1525]"};CFrameMon=CFrame.new( -469,74,5904);end end end local v27=loadstring(game:HttpGet("https://raw.githubusercontent.com/xZcAtliftz/Api/main/ApiQuest.lua"))();function CheckQuest() v27.CheckQuest();CFrameMon=v11(Name) or CFrameMyMon ;end function CheckOldQuest(v269) v27.CheckOldQuest(v269);CFrameMon=v11(Name) or CFrameMyMon ;end function CheckBossQuest() if (Select_Bosses=="Saber Expert [Lv. 200] [Boss]") then MsBoss="Saber Expert [Lv. 200] [Boss]";NameBoss="Saber Expert";CFrameBoss=CFrame.new( -1458.89502,29.8870335, -50.633564,0.858821094,1.1384894e-8,0.512275636, -4.8564925e-9,1, -1.4082333e-8, -0.512275636,9.6063415e-9,0.858821094);elseif (Select_Bosses=="The Saw [Lv. 100] [Boss]") then MsBoss="The Saw [Lv. 100] [Boss]";NameBoss="The Saw";CFrameBoss=CFrame.new( -683.519897,13.8534927,1610.87854, -0.290192783,6.883658e-8,0.956968188,6.984136e-8,1, -5.0753112e-8, -0.956968188,5.2107776e-8, -0.290192783);elseif (Select_Bosses=="Greybeard [Lv. 750] [Raid Boss]") then MsBoss="Greybeard [Lv. 750] [Raid Boss]";NameBoss="Greybeard";CFrameBoss=CFrame.new( -4955.72949,80.8163834,4305.82666, -0.433646321, -1.0339429e-8,0.901083171, -3.0443168e-8,1, -3.1763308e-9, -0.901083171, -2.8809229e-8, -0.433646321);elseif (Select_Bosses=="The Gorilla King [Lv. 25] [Boss]") then MsBoss="The Gorilla King [Lv. 25] [Boss]";NameBoss="The Gorilla King";NameQuestBoss="JungleQuest";LevelQuestBoss=3;CFrameQuestBoss=CFrame.new( -1604.12012,36.8521118,154.23732,0.0648873374, -0.000004708589, -0.997892559,1.4143188e-7,1, -0.0000047093367,0.997892559,1.6444218e-7,0.0648873374);CFrameBoss=CFrame.new( -1223.52808,6.27936459, -502.292664,0.310949147, -5.666025e-8,0.950426519, -3.372755e-8,1,7.065018e-8, -0.950426519, -5.4024174e-8,0.310949147);elseif (Select_Bosses=="Bobby [Lv. 55] [Boss]") then MsBoss="Bobby [Lv. 55] [Boss]";NameBoss="Bobby";NameQuestBoss="BuggyQuest1";LevelQuestBoss=3;CFrameQuestBoss=CFrame.new( -1139.59717,4.75205183,3825.16211, -0.959730506, -7.585705e-9,0.280922383, -4.0631033e-8,1, -1.11807175e-7, -0.280922383, -1.18718916e-7, -0.959730506);CFrameBoss=CFrame.new( -1147.65173,32.5966301,4156.02588,0.956680477, -1.7710995e-10, -0.29113996,5.165309e-10,1,1.088978e-9,0.29113996, -1.1921868e-9,0.956680477);elseif (Select_Bosses=="Yeti [Lv. 110] [Boss]") then MsBoss="Yeti [Lv. 110] [Boss]";NameBoss="Yeti";NameQuestBoss="SnowQuest";LevelQuestBoss=3;CFrameQuestBoss=CFrame.new(1384.90247,87.3078308, -1296.6825,0.280209213,2.7203518e-8, -0.959938943, -6.756908e-8,1,8.615171e-9,0.959938943,6.2448144e-8,0.280209213);CFrameBoss=CFrame.new(1221.7356,138.046906, -1488.84082,0.349343032, -9.4924594e-8,0.936994851,6.294782e-8,1,7.783843e-8, -0.936994851,3.1789465e-8,0.349343032);elseif (Select_Bosses=="Mob Leader [Lv. 120] [Boss]") then MsBoss="Mob Leader [Lv. 120] [Boss]";NameBoss="Mob Leader";CFrameBoss=CFrame.new( -2848.59399,7.4272871,5342.44043, -0.928248107, -8.7248246e-8,0.371961564, -7.6181664e-8,1,4.4447486e-8, -0.371961564,1.2921643e-8, -0.92824);elseif (Select_Bosses=="Vice Admiral [Lv. 130] [Boss]") then MsBoss="Vice Admiral [Lv. 130] [Boss]";NameBoss="Vice Admiral";NameQuestBoss="MarineQuest2";LevelQuestBoss=2;CFrameQuestBoss=CFrame.new( -5035.42285,28.6520386,4324.50293, -0.0611100644, -8.083958e-8,0.998130739, -1.5741659e-8,1,8.0027185e-8, -0.998130739, -1.082177e-8, -0.0611100644);CFrameBoss=CFrame.new( -5078.45898,99.6520691,4402.1665, -0.555574954, -9.886306e-11,0.831466436, -6.355083e-8,1, -4.2344926e-8, -0.831466436, -7.636616e-8, -0.555574954);elseif (Select_Bosses=="Warden [Lv. 175] [Boss]") then MsBoss="Warden [Lv. 175] [Boss]";NameBoss="Warden";NameQuestBoss="ImpelQuest";LevelQuestBoss=1;CFrameQuestBoss=CFrame.new(4851.35059,5.68744135,743.251282, -0.538484037, -6.6830374e-8, -0.842635691,1.3800175e-8,1, -8.813008e-8,0.842635691, -5.908516e-8, -0.538484037);CFrameBoss=CFrame.new(5232.5625,5.26856995,747.506897,0.943829298, -4.5439414e-8,0.330433697,3.4781863e-8,1,3.8165815e-8, -0.330433697, -2.452891e-8,0.943829298);elseif (Select_Bosses=="Chief Warden [Lv. 200] [Boss]") then MsBoss="Chief Warden [Lv. 200] [Boss]";NameBoss="Chief Warden";NameQuestBoss="ImpelQuest";LevelQuestBoss=2;CFrameQuestBoss=CFrame.new(4851.35059,5.68744135,743.251282, -0.538484037, -6.6830374e-8, -0.842635691,1.3800175e-8,1, -8.813008e-8,0.842635691, -5.908516e-8, -0.538484037);CFrameBoss=CFrame.new(5232.5625,5.26856995,747.506897,0.943829298, -4.5439414e-8,0.330433697,3.4781863e-8,1,3.8165815e-8, -0.330433697, -2.452891e-8,0.943829298);elseif (Select_Bosses=="Swan [Lv. 225] [Boss]") then MsBoss="Swan [Lv. 225] [Boss]";NameBoss="Swan";NameQuestBoss="ImpelQuest";LevelQuestBoss=3;CFrameQuestBoss=CFrame.new(4851.35059,5.68744135,743.251282, -0.538484037, -6.6830374e-8, -0.842635691,1.3800175e-8,1, -8.813008e-8,0.842635691, -5.908516e-8, -0.538484037);CFrameBoss=CFrame.new(5232.5625,5.26856995,747.506897,0.943829298, -4.5439414e-8,0.330433697,3.4781863e-8,1,3.8165815e-8, -0.330433697, -2.452891e-8,0.943829298);elseif (Select_Bosses=="Magma Admiral [Lv. 350] [Boss]") then MsBoss="Magma Admiral [Lv. 350] [Boss]";NameBoss="Magma Admiral";NameQuestBoss="MagmaQuest";LevelQuestBoss=3;CFrameQuestBoss=CFrame.new( -5317.07666,12.2721891,8517.41699,0.51175487, -2.655088e-8, -0.859131515, -3.9113157e-8,1, -5.4202676e-8,0.859131515,6.134183e-8,0.51175487);CFrameBoss=CFrame.new( -5530.12646,22.8769703,8859.91309,0.857838571,2.2341439e-8,0.513919294,1.5368913e-8,1, -6.9126585e-8, -0.513919294,6.719784e-8,0.857838571);elseif (Select_Bosses=="Fishman Lord [Lv. 425] [Boss]") then MsBoss="Fishman Lord [Lv. 425] [Boss]";NameBoss="Fishman Lord";NameQuestBoss="FishmanQuest";LevelQuestBoss=3;CFrameQuestBoss=CFrame.new(61123.0859,18.5066795,1570.18018,0.927145958,1.0624845e-7,0.374700129, -6.982194e-8,1, -1.10790765e-7, -0.374700129,7.655694e-8,0.927145958);CFrameBoss=CFrame.new(61351.7773,31.0306778,1113.31409,0.999974668,0, -0.00714713801,0,1.00000012,0,0.00714714266,0,0.999974549);elseif (Select_Bosses=="Wysper [Lv. 500] [Boss]") then MsBoss="Wysper [Lv. 500] [Boss]";NameBoss="Wysper";NameQuestBoss="SkyExp1Quest";LevelQuestBoss=3;CFrameQuestBoss=CFrame.new( -7862.94629,5545.52832, -379.833954,0.462944925,1.4583809e-8, -0.886386991,1.0534996e-8,1,2.1955342e-8,0.886386991, -1.95022e-8,0.462944925);CFrameBoss=CFrame.new( -7925.48389,5550.76074, -636.178345,0.716468513, -1.2291529e-9,0.697619379,3.3738143e-9,1, -1.7030475e-9, -0.697619379,3.5738184e-9,0.716468513);elseif (Select_Bosses=="Thunder God [Lv. 575] [Boss]") then MsBoss="Thunder God [Lv. 575] [Boss]";NameBoss="Thunder God";NameQuestBoss="SkyExp2Quest";LevelQuestBoss=3;CFrameQuestBoss=CFrame.new( -7902.78613,5635.99902, -1411.98706, -0.0361216255, -1.1689591e-7,0.999347389,1.4453396e-9,1,1.1702449e-7, -0.999347389,5.6715117e-9, -0.0361216255);CFrameBoss=CFrame.new( -7917.53613,5616.61377, -2277.78564,0.965189934,4.8056343e-8, -0.261550069, -6.730899e-8,1, -6.465153e-8,0.261550069,8.000568e-8,0.965189934);elseif (Select_Bosses=="Cyborg [Lv. 675] [Boss]") then MsBoss="Cyborg [Lv. 675] [Boss]";NameBoss="Cyborg";NameQuestBoss="FountainQuest";LevelQuestBoss=3;CFrameQuestBoss=CFrame.new(5253.54834,38.5361786,4050.45166, -0.0112687312, -9.936779e-8, -0.999936521,2.5529137e-10,1, -9.9376955e-8,0.999936521, -1.3751221e-9, -0.0112687312);CFrameBoss=CFrame.new(6041.82813,52.7112198,3907.45142, -0.563162148,1.7380525e-9, -0.826346457, -5.946327e-8,1,4.2628024e-8,0.826346457,7.314375e-8, -0.563162148);elseif (Select_Bosses=="Diamond [Lv. 750] [Boss]") then MsBoss="Diamond [Lv. 750] [Boss]";NameBoss="Diamond";NameQuestBoss="Area1Quest";LevelQuestBoss=3;CFrameQuestBoss=CFrame.new( -424.080078,73.0055847,1836.91589,0.253544956, -1.4216593e-8,0.967323601, -6.001478e-8,1,3.042729e-8, -0.967323601, -6.57684e-8,0.253544956);CFrameBoss=CFrame.new( -1736.26587,198.627731, -236.412857, -0.997808516,0, -0.0661673471,0,1,0,0.0661673471,0, -0.997808516);elseif (Select_Bosses=="Jeremy [Lv. 850] [Boss]") then MsBoss="Jeremy [Lv. 850] [Boss]";NameBoss="Jeremy";NameQuestBoss="Area2Quest";LevelQuestBoss=3;CFrameQuestBoss=CFrame.new(632.698608,73.1055908,918.666321, -0.0319722369,8.960749e-10, -0.999488771,1.3632653e-10,1,8.9217234e-10,0.999488771, -1.0773209e-10, -0.0319722369);CFrameBoss=CFrame.new(2203.76953,448.966034,752.731079, -0.0217453763,0, -0.999763548,0,1,0,0.999763548,0, -0.0217453763);elseif (Select_Bosses=="Fajita [Lv. 925] [Boss]") then MsBoss="Fajita [Lv. 925] [Boss]";NameBoss="Fajita";NameQuestBoss="MarineQuest3";LevelQuestBoss=3;CFrameQuestBoss=CFrame.new( -2442.65015,73.0511475, -3219.11523, -0.873540044,4.232984e-8, -0.486752301,5.643834e-8,1, -1.4322079e-8,0.486752301, -3.99824e-8, -0.873540044);CFrameBoss=CFrame.new( -2297.40332,115.449463, -3946.53833,0.961227536, -1.466458e-9, -0.275756449, -2.3212845e-9,1, -1.3409443e-8,0.275756449,1.3529635e-8,0.961227536);elseif (Select_Bosses=="Don Swan [Lv. 1000] [Boss]") then MsBoss="Don Swan [Lv. 1000] [Boss]";NameBoss="Don Swan";CFrameBoss=CFrame.new(2288.802,15.1870775,863.034607,0.99974072, -8.412472e-8, -0.0227668174,8.477473e-8,1,2.758501e-8,0.0227668174, -2.9507907e-8,0.99974072);elseif (Select_Bosses=="Smoke Admiral [Lv. 1150] [Boss]") then MsBoss="Smoke Admiral [Lv. 1150] [Boss]";NameBoss="Smoke Admiral";NameQuestBoss="IceSideQuest";LevelQuestBoss=3;CFrameQuestBoss=CFrame.new( -6059.96191,15.9868021, -4904.7373, -0.444992423, -3.0874483e-9,0.895534337, -3.640988e-8,1, -1.4644522e-8, -0.895534337, -3.9122998e-8, -0.444992423);CFrameBoss=CFrame.new( -5115.72754,23.7664986, -5338.2207,0.251453817,1.4834506e-8, -0.967869282,4.0279698e-8,1,2.5791698e-8,0.967869282, -4.5470895e-8,0.251453817);elseif (Select_Bosses=="Cursed Captain [Lv. 1325] [Raid Boss]") then MsBoss="Cursed Captain [Lv. 1325] [Raid Boss]";NameBoss="Cursed Captain";CFrameBoss=CFrame.new(916.928589,181.092773,33422, -0.999505103,9.263105e-9,0.0314563364,8.429162e-9,1, -2.6643713e-8, -0.0314563364, -2.6365377e-8, -0.999505103);elseif (Select_Bosses=="Darkbeard [Lv. 1000] [Raid Boss]") then MsBoss="Darkbeard [Lv. 1000] [Raid Boss]";NameBoss="Darkbeard";CFrameBoss=CFrame.new(3876.00366,24.6882591, -3820.21777, -0.976951957,4.9735633e-8,0.213458836,4.5733536e-8,1, -2.3686862e-8, -0.213458836, -1.3378704e-8, -0.976951957);elseif (Select_Bosses=="Order [Lv. 1250] [Raid Boss]") then MsBoss="Order [Lv. 1250] [Raid Boss]";NameBoss="Order";CFrameBoss=CFrame.new( -6221.15039,16.2351036, -5045.23584, -0.380726993,7.414635e-8,0.924687505,5.8560477e-8,1, -5.6073855e-8, -0.924687505,3.2801314e-8, -0.380726993);elseif (Select_Bosses=="Awakened Ice Admiral [Lv. 1400] [Boss]") then MsBoss="Awakened Ice Admiral [Lv. 1400] [Boss]";NameBoss="Awakened Ice Admiral";NameQuestBoss="FrostQuest";LevelQuestBoss=3;CFrameQuestBoss=CFrame.new(5669.33203,28.2118053, -6481.55908,0.921275556, -1.2532083e-8,0.388910472,4.722308e-8,1, -7.9641424e-8, -0.388910472,9.173725e-8,0.921275556);CFrameBoss=CFrame.new(6407.33936,340.223785, -6892.521,0.49051559, -5.253102e-8, -0.871432424, -2.7614602e-8,1, -7.582506e-8,0.871432424,6.125763e-8,0.49051559);elseif (Select_Bosses=="Tide Keeper [Lv. 1475] [Boss]") then MsBoss="Tide Keeper [Lv. 1475] [Boss]";NameBoss="Tide Keeper";NameQuestBoss="ForgottenQuest";LevelQuestBoss=3;CFrameQuestBoss=CFrame.new( -3053.89648,236.881363, -10148.2324, -0.985987961, -3.5850474e-9,0.16681771, -3.0783291e-9,1,3.2961256e-9, -0.16681771,2.7364198e-9, -0.985987961);CFrameBoss=CFrame.new( -3570.18652,123.328949, -11555.9072,0.465199202, -1.3857326e-8,0.885206044,4.0332897e-9,1,1.3534751e-8, -0.885206044, -2.7260627e-9,0.465199202);elseif (Select_Bosses=="Stone [Lv. 1550] [Boss]") then MsBoss="Stone [Lv. 1550] [Boss]";NameBoss="Stone";NameQuestBoss="PiratePortQuest";LevelQuestBoss=3;CFrameQuestBoss=CFrame.new( -290,44,5577);CFrameBoss=CFrame.new( -1085,40,6779);elseif (Select_Bosses=="Island Empress [Lv. 1675] [Boss]") then MsBoss="Island Empress [Lv. 1675] [Boss]";NameBoss="Island Empress";NameQuestBoss="AmazonQuest2";LevelQuestBoss=3;CFrameQuestBoss=CFrame.new(5443,602,752);CFrameBoss=CFrame.new(5659,602,244);elseif (Select_Bosses=="Kilo Admiral [Lv. 1750] [Boss]") then MsBoss="Kilo Admiral [Lv. 1750] [Boss]";NameBoss="Kilo Admiral";NameQuestBoss="MarineTreeIsland";LevelQuestBoss=3;CFrameQuestBoss=CFrame.new(2178,29, -6737);CFrameBoss=CFrame.new(2846,433, -7100);elseif (Select_Bosses=="Captain Elephant [Lv. 1875] [Boss]") then MsBoss="Captain Elephant [Lv. 1875] [Boss]";NameBoss="Captain Elephant";NameQuestBoss="DeepForestIsland";LevelQuestBoss=3;CFrameQuestBoss=CFrame.new( -13232,333, -7631);CFrameBoss=CFrame.new( -13221,325, -8405);elseif (Select_Bosses=="Beautiful Pirate [Lv. 1950] [Boss]") then MsBoss="Beautiful Pirate [Lv. 1950] [Boss]";NameBoss="Beautiful Pirate";NameQuestBoss="DeepForestIsland2";LevelQuestBoss=3;CFrameQuestBoss=CFrame.new( -12686,391, -9902);CFrameBoss=CFrame.new(5182,23, -20);elseif (Select_Bosses=="Cake Queen [Lv. 2175] [Boss]") then MsBoss="Cake Queen [Lv. 2175] [Boss]";NameBoss="Cake Queen";NameQuestBoss="IceCreamIslandQuest";LevelQuestBoss=3;CFrameQuestBoss=CFrame.new( -716,382, -11010);CFrameBoss=CFrame.new( -821,66, -10965);elseif (Select_Bosses=="rip_indra True Form [Lv. 5000] [Raid Boss]") then MsBoss="rip_indra True Form [Lv. 5000] [Raid Boss]";NameBoss="rip_indra True Form";CFrameBoss=CFrame.new( -5359,424, -2735);elseif (Select_Bosses=="Longma [Lv. 2000] [Boss]") then MsBoss="Longma [Lv. 2000] [Boss]";NameBoss="Longma";CFrameBoss=CFrame.new( -10248.3936,353.79129, -9306.34473);elseif (Select_Bosses=="Soul Reaper [Lv. 2100] [Raid Boss]") then MsBoss="Soul Reaper [Lv. 2100] [Raid Boss]";NameBoss="Soul Reaper";CFrameBoss=CFrame.new( -9515.62109,315.925537,6691.12012);end end local v28=loadstring(game:HttpGet("https://raw.githubusercontent.com/Jxereas/UI-Libraries/main/notification_gui_library.lua",true))();local v29=loadstring(game:HttpGet("https://raw.githubusercontent.com/NguyenLam2504/pearcathub.lua/main/FluentAhihi.lua"))();local v30=loadstring(game:HttpGet("https://raw.githubusercontent.com/dawid-scripts/Fluent/master/Addons/SaveManager.lua"))();local v31=loadstring(game:HttpGet("https://raw.githubusercontent.com/dawid-scripts/Fluent/master/Addons/InterfaceManager.lua"))();local v32=v29:CreateWindow({Title="CatScript Hub | Premium x Meo Family",SubTitle="by meodzs1vn",TabWidth=160,Size=UDim2.fromOffset(580,460),Acrylic=true,Theme="Light",MinimizeKey=Enum.KeyCode.LeftControl});local v33={Main=v32:AddTab({Title="Main",Icon=""}),Stats=v32:AddTab({Title="Stats",Icon=""}),FindFirst=v32:AddTab({Title="First Sea",Icon=""}),FindSec=v32:AddTab({Title="Second Sea",Icon=""}),FindThird=v32:AddTab({Title="Third Sea",Icon=""}),FullMirage=v32:AddTab({Title="Full Moon",Icon=""}),V4Race=v32:AddTab({Title="Race",Icon=""}),SeaEvent=v32:AddTab({Title="Sea Event",Icon=""}),Players=v32:AddTab({Title="Players",Icon=""}),Visuals=v32:AddTab({Title="Visuals",Icon=""}),Shop=v32:AddTab({Title="Shop",Icon=""}),Misc=v32:AddTab({Title="Misc",Icon=""}),Settings=v32:AddTab({Title="Settings",Icon="settings"})};local v34=v29.Options;v33.Main:AddParagraph({Title="Main",Content="Main Tabs Scripts Can Use Farm Level and More."});local v35=v33.Main:AddToggle("Auto_Farm_Level",{Title="Auto Farm Level",Default=FarmLv});v35:OnChanged(function(v270) FarmLv=v270;Auto_Farm_Level=v270;if (v270==false) then toTarget(game:GetService("Players").LocalPlayer.Character.HumanoidRootPart.CFrame);end Save();end);local v36=v33.Main:AddToggle("Double_Quest",{Title="Double Quest",Default=Double_Quest});v36:OnChanged(function(v271) Double_Quest=v271;Save();end);if World1 then local v532=v33.Main:AddToggle("Fast_Farm_Mode",{Title="Fast Farm Mode",Default=Fast_Farm_Mode});v532:OnChanged(function(v574) Fast_Farm_Mode=v574;Save();end);local v533=v33.Main:AddToggle("Auto_New_World",{Title="Auto New World",Default=Auto_New_World});v533:OnChanged(function(v575) Auto_New_World=v575;if (v575==false) then toTarget(game:GetService("Players").LocalPlayer.Character.HumanoidRootPart.CFrame);end Save();v0.spawn(LPH_JIT_MAX(function() while wait() do pcall(function() if Auto_New_World then if (game.Players.LocalPlayer.Data.Level.Value>=700) then if Auto_Farm_Level then FarmLv=false;end if ((game.Workspace.Map.Ice.Door.CanCollide==true) and (game.Workspace.Map.Ice.Door.Transparency==0)) then wait(0.5);game:GetService("ReplicatedStorage").Remotes.CommF_:InvokeServer("DressrosaQuestProgress","Detective");EquipWeapon("Key");repeat wait();toTarget(CFrame.new(1347.7124,37.3751602, -1325.6488));until ((CFrame.new(1347.7124,37.3751602, -1325.6488).Position-game:GetService("Players").LocalPlayer.Character.HumanoidRootPart.Position).Magnitude<=3) or  not Auto_New_World  wait(3);elseif ((game.Workspace.Map.Ice.Door.CanCollide==false) and (game.Workspace.Map.Ice.Door.Transparency==1)) then if game:GetService("Workspace").Enemies:FindFirstChild("Ice Admiral [Lv. 700] [Boss]") then for v1296,v1297 in pairs(game:GetService("Workspace").Enemies:GetChildren()) do if ((v1297.Name=="Ice Admiral [Lv. 700] [Boss]") and (v1297.Humanoid.Health>0)) then repeat wait();if Auto_Haki then if  not game.Players.LocalPlayer.Character:FindFirstChild("HasBuso") then game:GetService("ReplicatedStorage").Remotes.CommF_:InvokeServer("Buso");end end if  not game.Players.LocalPlayer.Character:FindFirstChild(Selected_Weapons) then wait();EquipWeapon(Selected_Weapons);end toTarget(v1297.HumanoidRootPart.CFrame * CFrame.new(0,Distance_Auto_Farm,0) );NeedAttacking=true;if  not Fast_Attack then game:GetService("VirtualUser"):CaptureController();game:GetService("VirtualUser"):Button1Down(Vector2.new(1280,672));end v1297.HumanoidRootPart.Size=Vector3.new(60,60,60);v1297.HumanoidRootPart.Transparency=1;v1297.Humanoid.JumpPower=0;v1297.Humanoid.WalkSpeed=0;v1297.HumanoidRootPart.CanCollide=false;v1297.Humanoid:ChangeState(11);game:GetService("ReplicatedStorage").Remotes.CommF_:InvokeServer("TravelDressrosa");until (v1297.Humanoid.Health<=0) or  not v1297.Parent  game:GetService("ReplicatedStorage").Remotes.CommF_:InvokeServer("TravelDressrosa");end end else toTarget(CFrame.new(1347.7124,37.3751602, -1325.6488));end else game:GetService("ReplicatedStorage").Remotes.CommF_:InvokeServer("TravelDressrosa");end end end end);end end));end);end if World2 then local v534=v33.Main:AddToggle("Auto_New_World",{Title="Auto New World",Default=Auto_New_World});v534:OnChanged(function(v576) Auto_Third_Sea=v576;if (v576==false) then toTarget(game:GetService("Players").LocalPlayer.Character.HumanoidRootPart.CFrame);end Save();v0.spawn(LPH_JIT_MAX(function() while wait() do pcall(function() if Auto_Third_Sea then if (game.Players.LocalPlayer.Data.Level.Value>=1500) then if Auto_Farm_Level then FarmLv=false;end if (game:GetService("ReplicatedStorage").Remotes.CommF_:InvokeServer("BartiloQuestProgress","Bartil